{
 "cells": [
  {
   "cell_type": "code",
   "execution_count": 40,
   "metadata": {},
   "outputs": [],
   "source": [
    "using Dojo\n",
    "using DojoEnvironments\n",
    "using LinearAlgebra\n",
    "using Rotations\n"
   ]
  },
  {
   "cell_type": "code",
   "execution_count": 41,
   "metadata": {},
   "outputs": [
    {
     "data": {
      "text/plain": [
       "DojoEnvironments.QuadrotorWaypoint{Float64, 2000}"
      ]
     },
     "metadata": {},
     "output_type": "display_data"
    }
   ],
   "source": [
    "HORIZON = 2000\n",
    "quadrotor_env = get_environment(:quadrotor_waypoint; horizon=HORIZON)\n",
    "\n",
    "\n"
   ]
  },
  {
   "cell_type": "code",
   "execution_count": 42,
   "metadata": {},
   "outputs": [
    {
     "data": {
      "text/plain": [
       "12×2000 Matrix{Float64}:\n",
       " 0.0  0.0  0.0  0.0  0.0  0.0  0.0  0.0  …  0.0  0.0  0.0  0.0  0.0  0.0  0.0\n",
       " 0.0  0.0  0.0  0.0  0.0  0.0  0.0  0.0     0.0  0.0  0.0  0.0  0.0  0.0  0.0\n",
       " 0.0  0.0  0.0  0.0  0.0  0.0  0.0  0.0     0.0  0.0  0.0  0.0  0.0  0.0  0.0\n",
       " 0.0  0.0  0.0  0.0  0.0  0.0  0.0  0.0     0.0  0.0  0.0  0.0  0.0  0.0  0.0\n",
       " 0.0  0.0  0.0  0.0  0.0  0.0  0.0  0.0     0.0  0.0  0.0  0.0  0.0  0.0  0.0\n",
       " 0.0  0.0  0.0  0.0  0.0  0.0  0.0  0.0  …  0.0  0.0  0.0  0.0  0.0  0.0  0.0\n",
       " 0.0  0.0  0.0  0.0  0.0  0.0  0.0  0.0     0.0  0.0  0.0  0.0  0.0  0.0  0.0\n",
       " 0.0  0.0  0.0  0.0  0.0  0.0  0.0  0.0     0.0  0.0  0.0  0.0  0.0  0.0  0.0\n",
       " 0.0  0.0  0.0  0.0  0.0  0.0  0.0  0.0     0.0  0.0  0.0  0.0  0.0  0.0  0.0\n",
       " 0.0  0.0  0.0  0.0  0.0  0.0  0.0  0.0     0.0  0.0  0.0  0.0  0.0  0.0  0.0\n",
       " 0.0  0.0  0.0  0.0  0.0  0.0  0.0  0.0  …  0.0  0.0  0.0  0.0  0.0  0.0  0.0\n",
       " 0.0  0.0  0.0  0.0  0.0  0.0  0.0  0.0     0.0  0.0  0.0  0.0  0.0  0.0  0.0"
      ]
     },
     "metadata": {},
     "output_type": "display_data"
    }
   ],
   "source": [
    "ref_position_xyz_world = [0;0;1]\n",
    "next_waypoint = 1\n",
    "state_traj = zeros(size(get_state(quadrotor_env))[1], HORIZON)\n"
   ]
  },
  {
   "cell_type": "code",
   "execution_count": 43,
   "metadata": {},
   "outputs": [
    {
     "data": {
      "text/plain": [
       "Dict{String, Matrix{Float64}} with 2 entries:\n",
       "  \"state_traj\"     => [0.0 0.0 … 0.0 0.0; 0.0 0.0 … 0.0 0.0; … ; 0.0 0.0 … 0.0 …\n",
       "  \"reference_traj\" => [0.0 0.0 … 0.0 0.0; 0.0 0.0 … 0.0 0.0; 0.0 0.0 … 0.0 0.0;…"
      ]
     },
     "metadata": {},
     "output_type": "display_data"
    }
   ],
   "source": [
    "\n",
    "reference_traj = zeros(4, HORIZON)\n",
    "plot_dict = Dict(\"state_traj\" => state_traj, \"reference_traj\" => reference_traj)"
   ]
  },
  {
   "cell_type": "code",
   "execution_count": 44,
   "metadata": {},
   "outputs": [
    {
     "data": {
      "text/plain": [
       "get_transformation_body_to_world (generic function with 1 method)"
      ]
     },
     "metadata": {},
     "output_type": "display_data"
    }
   ],
   "source": [
    "function get_transformation_body_to_world(x, y, z, roll, pitch, yaw)\n",
    "    R = RotXYZ(roll, pitch, yaw)\n",
    "    R_matrix = convert(Array{Float64, 2}, R) # Convert to matrix\n",
    "    \n",
    "    position_w = [x, y, z]\n",
    "    T_world_to_body = [R_matrix' -R_matrix' * position_w; 0 0 0 1]\n",
    "    return T_world_to_body\n",
    "end"
   ]
  },
  {
   "cell_type": "code",
   "execution_count": 45,
   "metadata": {},
   "outputs": [
    {
     "data": {
      "text/plain": [
       "MMA! (generic function with 1 method)"
      ]
     },
     "metadata": {},
     "output_type": "display_data"
    }
   ],
   "source": [
    "function MMA!(roll, pitch, yaw, thrust)\n",
    "    u = zeros(4)\n",
    "    u[1] = thrust + roll - pitch + yaw\n",
    "    u[2] = thrust + roll + pitch - yaw\n",
    "    u[3] = thrust - roll + pitch + yaw\n",
    "    u[4] = thrust - roll - pitch - yaw\n",
    "    return u\n",
    "\n",
    "end\n"
   ]
  },
  {
   "cell_type": "code",
   "execution_count": 46,
   "metadata": {},
   "outputs": [
    {
     "data": {
      "text/plain": [
       "sensing_and_estiamtion (generic function with 1 method)"
      ]
     },
     "metadata": {},
     "output_type": "display_data"
    }
   ],
   "source": [
    "function sensing_and_estiamtion(environment)\n",
    "\n",
    "    state = get_state(environment)\n",
    "    position = state[1:3] # x,y,z\n",
    "    orientation = state[4:6] # axis*angle\n",
    "    linear_velocity = state[7:9] # vx, vy, vz\n",
    "    angular_velocity = state[10:12] # ωx, ωy, ωz \n",
    "    \n",
    "    altitude = position[3]\n",
    "    roll, pitch, yaw = orientation\n",
    "    \n",
    "    return roll, pitch, yaw, altitude\n",
    "end\n",
    "    \n"
   ]
  },
  {
   "cell_type": "code",
   "execution_count": 47,
   "metadata": {},
   "outputs": [
    {
     "data": {
      "text/plain": [
       "position_to_quadrotor_oritentation_controller (generic function with 1 method)"
      ]
     },
     "metadata": {},
     "output_type": "display_data"
    }
   ],
   "source": [
    "function position_to_quadrotor_oritentation_controller(environment, k)\n",
    "    global ref_position_xyz_world\n",
    "    position = get_state(environment)[1:3]\n",
    "    roll, pitch, yaw = get_state(environment)[4:6]\n",
    "    linear_velocity = get_state(environment)[7:9]\n",
    "    \n",
    "    \n",
    "   transformation_b_w = get_transformation_body_to_world(position[1], position[2], position[3], roll, pitch, yaw) \n",
    "   println(\"transformation_b_w: \", transformation_b_w)\n",
    "   ref_position_b = transformation_b_w * [ref_position_xyz_world;1]\n",
    "   ref_position_b = ref_position_b[1:3]\n",
    "   ref_position_b = ref_position_xyz_world\n",
    "   println(\"current position: , $position\")\n",
    "   plot_dict[\"state_traj\"][:, k] = get_state(environment)\n",
    "   println(\"ref_position_b: \", ref_position_b)  \n",
    "   \n",
    "   K_p_xy_roll = K_p_xy_pitch = 0.04\n",
    "   K_d_xy_roll = K_d_xy_pitch = 0.1\n",
    "   \n",
    "   roll_ref = -(K_p_xy_roll * (ref_position_b[2] - position[2]) + K_d_xy_roll * (0 - linear_velocity[2]))\n",
    "   pitch_ref = K_p_xy_pitch * (ref_position_b[1] - position[1]) + K_d_xy_pitch * (0 - linear_velocity[1])\n",
    "   plot_dict[\"reference_traj\"][1:3, k] = [roll_ref, pitch_ref, ref_position_b[2]-position[2]]\n",
    "   \n",
    "   return roll_ref, pitch_ref\n",
    "end\n",
    "   \n"
   ]
  },
  {
   "cell_type": "code",
   "execution_count": 48,
   "metadata": {},
   "outputs": [
    {
     "data": {
      "text/plain": [
       "cascade_controller! (generic function with 1 method)"
      ]
     },
     "metadata": {},
     "output_type": "display_data"
    }
   ],
   "source": [
    "function cascade_controller!(environment, k)\n",
    "    global ref_position_xyz_world\n",
    "    # get the current system values\n",
    "    roll, pitch, yaw, altitude = sensing_and_estiamtion(environment)\n",
    "    println(\"state: $(sensing_and_estiamtion(environment))\")\n",
    "    # set some reference - TODO - make this to be set from outside or smth\n",
    "    #roll_ref, pitch_ref, yaw_ref, altitude_ref = [0.0, 0.0, 1.57, 1]\n",
    "    roll_ref, pitch_ref, = position_to_quadrotor_oritentation_controller(environment, k)\n",
    "    println(\"roll ref: $roll_ref, pitch_ref: $pitch_ref\")\n",
    "    yaw_ref = 0 #1.57\n",
    "    altitude_ref = ref_position_xyz_world[3] #1\n",
    "\n",
    "    # PIDs\n",
    "    # roll\n",
    "    K_p_roll = 4 #1\n",
    "    K_d_roll = 1\n",
    "    # pitch\n",
    "    K_p_pitch = 4 #1\n",
    "    K_d_pitch = 1\n",
    "    # yaw\n",
    "    K_p_yaw = 4 #1\n",
    "    K_d_yaw = 1\n",
    "    # thrust\n",
    "    K_p_thrust = 10 # kinda tuned\n",
    "    K_d_thrust = 10 # kinda tuned\n",
    "    # thrust feedforward is there to compensate gravity and i took the numbers from the cascaded hover example.\n",
    "    thrust_feedforward = 20 * 5.1 * 1/sqrt(4)#normalize([1;1;1;1])\n",
    "\n",
    "    roll_cntrl = K_p_roll * (roll_ref - roll) + K_d_roll * (0 - get_state(environment)[10])\n",
    "    pitch_cntrl = K_p_pitch * (pitch_ref - pitch) + K_d_pitch * (0 - get_state(environment)[11])\n",
    "    yaw_cntrl = K_p_yaw * (yaw_ref - yaw) + K_d_yaw * (0 - get_state(environment)[12])\n",
    "    thrust = K_p_thrust * (altitude_ref - altitude) + K_d_thrust * (0 - get_state(environment)[9])+ thrust_feedforward\n",
    "\n",
    "    u = MMA!(roll_cntrl, pitch_cntrl, yaw_cntrl, thrust)\n",
    "    set_input!(environment, u)\n",
    "\n",
    "end\n",
    "\n"
   ]
  },
  {
   "cell_type": "code",
   "execution_count": 49,
   "metadata": {},
   "outputs": [
    {
     "data": {
      "text/plain": [
       "controller! (generic function with 1 method)"
      ]
     },
     "metadata": {},
     "output_type": "display_data"
    }
   ],
   "source": [
    "\n",
    "function controller!(environment, k)\n",
    "    #cascade_controller(environment, k)\n",
    "    println(\"k: \", k)\n",
    "    fly_through_waypoints_controller!(environment, k)\n",
    "end\n",
    "\n"
   ]
  },
  {
   "cell_type": "code",
   "execution_count": 50,
   "metadata": {},
   "outputs": [
    {
     "data": {
      "text/plain": [
       "default_controller! (generic function with 1 method)"
      ]
     },
     "metadata": {},
     "output_type": "display_data"
    }
   ],
   "source": [
    "function default_controller!(environment, k)\n",
    "    set_input!(environment, rotor_speeds)\n",
    "end"
   ]
  },
  {
   "cell_type": "code",
   "execution_count": 51,
   "metadata": {},
   "outputs": [
    {
     "data": {
      "text/plain": [
       "fly_through_waypoints_controller! (generic function with 1 method)"
      ]
     },
     "metadata": {},
     "output_type": "display_data"
    }
   ],
   "source": [
    "function fly_through_waypoints_controller!(environment, k)\n",
    "    global next_waypoint\n",
    "    global ref_position_xyz_world\n",
    "    waypoints = \n",
    "    [\n",
    "        [1;1;0.3],\n",
    "        [2;0;0.3],\n",
    "        [1;-1;0.3],\n",
    "        [0;0;0.3],\n",
    "    ]\n",
    "    if norm(get_state(environment)[1:3]-waypoints[next_waypoint]) < 1e-1\n",
    "        if next_waypoint < 4\n",
    "            println(\"next_waypoint: \", next_waypoint)\n",
    "            next_waypoint += 1\n",
    "        end\n",
    "    end\n",
    "    ref_position_xyz_world = waypoints[next_waypoint]\n",
    "    println(\"ref_position_xyz_world: \", ref_position_xyz_world)\n",
    "    cascade_controller!(environment, k)\n",
    "end"
   ]
  },
  {
   "cell_type": "code",
   "execution_count": 52,
   "metadata": {},
   "outputs": [
    {
     "name": "stdout",
     "output_type": "stream",
     "text": [
      "k: 1\n",
      "ref_position_xyz_world: [1.0, 1.0, 0.3]\n",
      "state: (0.0, 0.0, 0.0, 0.085)\n",
      "transformation_b_w: [1.0 0.0 0.0 0.0; -0.0 1.0 0.0 0.0; 0.0 -0.0 1.0 -0.085; 0.0 0.0 0.0 1.0]\n",
      "current position: , [0.0, 0.0, 0.085]\n",
      "ref_position_b: [1.0, 1.0, 0.3]\n",
      "roll ref: -0.04, pitch_ref: 0.04\n",
      "k: 2\n",
      "ref_position_xyz_world: [1.0, 1.0, 0.3]\n",
      "state: (-7.35132453991715e-12, 5.781669953934327e-5, 7.585140228750062e-9, 0.08649531647239313)\n",
      "transformation_b_w: [0.9999999983286146 7.585139803720739e-9 -5.7816699507132e-5 3.3047503503254366e-7; -7.585140216072369e-9 1.0 -6.912776766592049e-12 2.5140350724824347e-12; 5.781669950713194e-5 7.351324527630254e-12 0.9999999983286146 -0.08649531659785316; 0.0 0.0 0.0 1.0]\n",
      "current position: , [4.670398694032145e-6, -1.8806866293938536e-12, 0.08649531647239313]\n",
      "ref_position_b: [1.0, 1.0, 0.3]\n",
      "roll ref: -0.0400000000188821, pitch_ref: 0.03995310919711192\n",
      "k: 3\n",
      "ref_position_xyz_world: [1.0, 1.0, 0.3]\n",
      "state: (-1.4294735837731075e-6, 0.00017819894637874232, 3.2589759412698065e-8, 0.0885135615670337)\n",
      "transformation_b_w: [0.9999999841225672 3.233502872750839e-8 -0.00017819894548203245 1.7498854913823066e-6; -3.258975889525636e-8 0.9999999999989777 -1.4294677763118606e-6 2.4870111757514816e-8; 0.00017819894543562843 1.4294735610762507e-6 0.999999984121546 -0.08851356266062892; 0.0 0.0 0.0 1.0]\n",
      "current position: , [1.4023138060086385e-5, 1.0165762927994807e-7, 0.0885135615670337]\n",
      "ref_position_b: [1.0, 1.0, 0.3]\n",
      "roll ref: -0.03999897933859516, pitch_ref: 0.03990591168081705\n",
      "k: 4\n",
      "ref_position_xyz_world: [1.0, 1.0, 0.3]\n",
      "state: (-6.010753757953976e-6, 0.0003695864803549792, 8.664218195063947e-8, 0.09075007311919922)\n",
      "transformation_b_w: [0.9999999317029138 8.442068867397876e-8 -0.0003695864724551934 5.356454621764069e-6; -8.664217603323112e-8 0.9999999999819319 -6.0107217361394114e-6 1.474565110705895e-7; 0.0003695864719410864 6.0107533474008376e-6 0.999999931684853 -0.09075007733824461; 0.0 0.0 0.0 1.0]\n",
      "current position: , [2.8183546668664686e-5, 3.9801936787422535e-7, 0.09075007311919922]\n",
      "ref_position_b: [1.0, 1.0, 0.3]\n",
      "roll ref: -0.03999702046183934, pitch_ref: 0.03985726857204747\n",
      "k: 5\n",
      "ref_position_xyz_world: [1.0, 1.0, 0.3]\n",
      "state: (-1.5914561277407236e-5, 0.0006391113382196973, 1.8342515382127173e-7, 0.09309497651515165)\n",
      "transformation_b_w: [0.9999997957683388 1.7325397793571414e-7 -0.0006391112975489622 1.2537991787814981e-5; -1.834251163600499e-7 0.9999999998733484 -1.591444404764765e-5 5.171627692867365e-7; 0.0006391112947107769 1.591455802647843e-5 0.999999795641719 -0.0930949875184807; 0.0 0.0 0.0 1.0]\n",
      "current position: , [4.6960068871720384e-5, 9.644006393589566e-7, 0.09309497651515165]\n",
      "ref_position_b: [1.0, 1.0, 0.3]\n",
      "roll ref: -0.039994297611259576, pitch_ref: 0.03981035637521457\n",
      "k: 6\n",
      "ref_position_xyz_world: [1.0, 1.0, 0.3]\n",
      "state: (-3.403564026054232e-5, 0.0009881488924688732, 3.36706769294758e-7, 0.09550103686299861)\n",
      "transformation_b_w: [0.9999995117808661 3.030744943516055e-7 -0.0009881487425454473 2.4570247405827287e-5; -3.367066049080835e-7 0.9999999994207421 -3.403530753760227e-5 1.399774277141951e-6; 0.0009881487316578212 3.4035623637122157e-5 0.9999995112017107 -0.09550105921705215; 0.0 0.0 0.0 1.0]\n",
      "current position: , [6.97990155984594e-5, 1.8506563855116735e-6, 0.09550103686299861]\n",
      "ref_position_b: [1.0, 1.0, 0.3]\n",
      "roll ref: -0.03999106341628306, pitch_ref: 0.03976881857210868\n",
      "k: 7\n",
      "ref_position_xyz_world: [1.0, 1.0, 0.3]\n",
      "state: (-6.40564550565519e-5, 0.0014128055154531676, 5.571585020776895e-7, 0.0979473550078263)\n",
      "transformation_b_w: [0.9999990019902986 4.666592180986104e-7 -0.001412805078246187 4.2295742994088984e-5; -5.571579460281569e-7 0.9999999979482804 -6.405566785639433e-5 3.1949637862399988e-6; 0.0014128050454553392 6.405639108379191e-5 0.999998999938841 -0.09794739300091361; 0.0 0.0 0.0 1.0]\n",
      "current position: , [9.608487201846007e-5, 3.0791729943212014e-6, 0.0979473550078263]\n",
      "ref_position_b: [1.0, 1.0, 0.3]\n",
      "roll ref: -0.03998759166699213, pitch_ref: 0.039733298040919254\n",
      "k: 8\n",
      "ref_position_xyz_world: [1.0, 1.0, 0.3]\n",
      "state: (-0.00010981651530429935, 0.001912000787383637, 8.503783832658875e-7, 0.10042222075159668)\n",
      "transformation_b_w: [0.9999981721266897 6.404092427630943e-7 -0.0019119997042745158 6.656405627071917e-5; -8.503768288821421e-7 0.9999999939699834 -0.00010981488916039663 6.378561305328816e-6; 0.001911999622418656 0.000109816314352937 0.9999981660972288 -0.10042227694537173; 0.0 0.0 0.0 1.0]\n",
      "current position: , [0.00012544342642609592, 4.649400437967786e-6, 0.10042222075159668]\n",
      "ref_position_b: [1.0, 1.0, 0.3]\n",
      "roll ref: -0.03998411174954602, pitch_ref: 0.0397013967188666\n",
      "k: 9\n",
      "ref_position_xyz_world: [1.0, 1.0, 0.3]\n",
      "state: (-0.00017425329457010656, 0.0024931565290926268, 1.2163085867931283e-6, 0.10291707303931473)\n",
      "transformation_b_w: [0.9999968920861309 7.818682815203545e-7 -0.0024931541203467287 9.877708528035836e-5; -1.2163048066114021e-6 0.9999999848176834 -0.0001742502612436267 1.1380730496646023e-5; 0.0024931539462541216 0.0001742527521241633 0.9999968769048124 -0.10291714620976634; 0.0 0.0 0.0 1.0]\n",
      "current position: , [0.0001578115247628435, 6.552788413286595e-6, 0.10291707303931473]\n",
      "ref_position_b: [1.0, 1.0, 0.3]\n",
      "roll ref: -0.03998070400871028, pitch_ref: 0.03967000655564201\n",
      "k: 10\n",
      "ref_position_xyz_world: [1.0, 1.0, 0.3]\n",
      "state: (-0.00025936868258210976, 0.003167698722067554, 1.6507282974081847e-6, 0.10542555773058959)\n",
      "transformation_b_w: [0.9999949828452359 8.291277807712922e-7 -0.00316769374604983 0.00014056843459950134; -1.6507200154503426e-6 0.9999999663639372 -0.0002593634506727124 1.8547139708029993e-5; 0.003167693424455642 0.00025936737838160967 0.9999949492107105 -0.10542564012508222; 0.0 0.0 0.0 1.0]\n",
      "current position: , [0.00019338840826347463, 8.796716260074152e-6, 0.10542555773058959]\n",
      "ref_position_b: [1.0, 1.0, 0.3]\n",
      "roll ref: -0.039977208852881724, pitch_ref: 0.03963649562866315\n",
      "k: 11\n",
      "ref_position_xyz_world: [1.0, 1.0, 0.3]\n",
      "state: (-0.00036793716591327995, 0.003938601802207758, 2.1511291422948938e-6, 0.10794281872541654)\n",
      "transformation_b_w: [0.9999922437156348 7.019747913156447e-7 -0.003938592144106051 0.00019256278896380278; -2.151112457528878e-6 0.9999999323119253 -0.000367928685192039 2.8296630174853924e-5; 0.00393859161923367 0.00036793430378715693 0.9999921760295952 -0.10794289442999817; 0.0 0.0 0.0 1.0]\n",
      "current position: , [0.0002325817448349959, 1.1419130277138846e-5, 0.10794281872541654]\n",
      "ref_position_b: [1.0, 1.0, 0.3]\n",
      "roll ref: -0.03997331909461827, pitch_ref: 0.03959876336449139\n",
      "k: 12\n",
      "ref_position_xyz_world: [1.0, 1.0, 0.3]\n",
      "state: (-0.0005049815815760205, 0.004791024346963773, 2.7252866004068817e-6, 0.11046506527836411)\n",
      "transformation_b_w: [0.9999885230610932 3.0591655934916004e-7 -0.00479100678352421 0.00025326327209922834; -2.725255322465812e-6 0.9999998724996838 -0.0005049685032490507 4.129009917588574e-5; 0.004791006018191103 0.0005049757644731259 0.9999883955630741 -0.11046511292754538; 0.0 0.0 0.0 1.0]\n",
      "current position: , [0.00027597876794996514, 1.4492033459383557e-5, 0.11046506527836411]\n",
      "ref_position_b: [1.0, 1.0, 0.3]\n",
      "roll ref: -0.03996869128683918, pitch_ref: 0.03955499061813231\n",
      "k: 13\n",
      "ref_position_xyz_world: [1.0, 1.0, 0.3]\n",
      "state: (-0.000676951130511927, 0.005701069619358003, 3.3943604231598484e-6, 0.11298930500883245)\n",
      "transformation_b_w: [0.9999837489408532 -4.649646776004234e-7 -0.00570103972802504 0.00031985801981978884; -3.3943052612208822e-6 0.9999997708759313 -0.0006769317274286137 5.8363645525505245e-5; 0.005701038736528964 0.0006769400776402162 0.9999835198189296 -0.11298930406154066; 0.0 0.0 0.0 1.0]\n",
      "current position: , [0.0003243037755841317, 1.812350483362509e-5, 0.11298930500883245]\n",
      "ref_position_b: [1.0, 1.0, 0.3]\n",
      "roll ref: -0.03996296034606424, pitch_ref: 0.03950377777263497\n",
      "k: 14\n",
      "ref_position_xyz_world: [1.0, 1.0, 0.3]\n",
      "state: (-0.0008884779094986535, 0.00665659546484022, 4.181300365344986e-6, 0.11551313108978895)\n",
      "transformation_b_w: [0.9999778449414755 -1.7328948530251e-6 -0.006656547393318628 0.0003905719108219323; -4.18120772841505e-6 0.9999996053195155 -0.0008884499595893373 8.016604487801308e-5; 0.006656546305699641 0.000888458108335892 0.9999774502624896 -0.1155130647951249; 0.0 0.0 0.0 1.0]\n",
      "current position: , [0.0003783551422345281, 2.2463182617972324e-5, 0.11551313108978895]\n",
      "ref_position_b: [1.0, 1.0, 0.3]\n",
      "roll ref: -0.03995570469485181, pitch_ref: 0.039444352127806656\n",
      "k: 15\n",
      "ref_position_xyz_world: [1.0, 1.0, 0.3]\n",
      "state: (-0.0011391516632481757, 0.007665619900485076, 5.090264220062042e-6, 0.11803456657878039)\n",
      "transformation_b_w: [0.9999706192666878 -3.641955332835854e-6 -0.0076655456513489905 0.00046583943143302744; -5.0901146644104675e-6 0.9999993511983082 -0.0011391123972370322 0.00010674933492030929; 0.007665544826526473 0.0011391179477858071 0.9999699704655204 -0.11803441858450442; 0.0 0.0 0.0 1.0]\n",
      "current position: , [0.0004389729253699368, 2.770755557131295e-5, 0.11803456657878039]\n",
      "ref_position_b: [1.0, 1.0, 0.3]\n",
      "roll ref: -0.03994644796824374, pitch_ref: 0.03937626325163111\n",
      "k: 16\n",
      "ref_position_xyz_world: [1.0, 1.0, 0.3]\n",
      "state: (-0.0014250237501231766, 0.008745443074427307, 6.103425534688772e-6, 0.12055193288646143)\n",
      "transformation_b_w: [0.9999617588378241 -6.358881670733286e-6 -0.008745331413383309 0.0005472311919102784; -6.103192132678857e-6 0.9999989847112645 -0.0014249698913731577 0.0001376911837201846; 0.008745331595561758 0.0014249687733063259 0.999960743549105 -0.12055168339377681; 0.0 0.0 0.0 1.0]\n",
      "current position: , [0.0005070550208839825, 3.4094820260161784e-5, 0.12055193288646143]\n",
      "ref_position_b: [1.0, 1.0, 0.3]\n",
      "roll ref: -0.03993476356030111, pitch_ref: 0.039298896844024184\n",
      "k: 17\n",
      "ref_position_xyz_world: [1.0, 1.0, 0.3]\n",
      "state: (-0.0017449704384680951, 0.00990246215735684, 7.213444538901372e-6, 0.12306379759742644)\n",
      "transformation_b_w: [0.9999509709962408 -1.0065779006830162e-5 -0.009902297832084362 0.0006350460900079214; -7.213090871027065e-6 0.9999984776380966 -0.0017448981232876441 0.00017284706248594573; 0.009902300320962284 0.0017448839988450928 0.9999494486363719 -0.12306342860551991; 0.0 0.0 0.0 1.0]\n",
      "current position: , [0.0005835973210099404, 4.189100030022565e-5, 0.12306379759742644]\n",
      "ref_position_b: [1.0, 1.0, 0.3]\n",
      "roll ref: -0.039920362559587357, pitch_ref: 0.03921123310590002\n",
      "k: 18\n",
      "ref_position_xyz_world: [1.0, 1.0, 0.3]\n",
      "state: (-0.002091847533736344, 0.011099030532999193, 8.633463433883413e-6, 0.12562428113105092)\n",
      "transformation_b_w: [0.9999384063556536 -1.4583541484949868e-5 -0.011098796431877637 0.0007232007980259356; -8.632931667621679e-6 0.9999978122509204 -0.0020917501871679737 0.00020982280143022521; 0.01109880265562159 0.002091717163802072 0.9999362186154266 -0.12562382803741773; 0.0 0.0 0.0 1.0]\n",
      "current position: , [0.0006711196341637579, 5.2957721726642196e-5, 0.12562428113105092]\n",
      "ref_position_b: [1.0, 1.0, 0.3]\n",
      "roll ref: -0.03988721447686677, pitch_ref: 0.039097932083095276\n",
      "k: 19\n",
      "ref_position_xyz_world: [1.0, 1.0, 0.3]\n",
      "state: (-0.0024777727804177804, 0.012311519429459846, 1.0430687273815793e-5, 0.12822327671024758)\n",
      "transformation_b_w: [0.9999242141475407 -2.0073690635705034e-5 -0.012311196467851886 0.0008088711601532781; -1.0429896775667266e-5 0.9999969305863767 -0.0024776418309906843 0.00025044675217182746; 0.012311208415113347 0.0024775824653007783 0.999921144757169 -0.1282228090618732; 0.0 0.0 0.0 1.0]\n",
      "current position: , [0.0007697704789029022, 6.725283696558542e-5, 0.12822327671024758]\n",
      "ref_position_b: [1.0, 1.0, 0.3]\n",
      "roll ref: -0.03985435873413195, pitch_ref: 0.03898270073345245\n",
      "k: 20\n",
      "ref_position_xyz_world: [1.0, 1.0, 0.3]\n",
      "state: (-0.0029108158031794277, 0.013527266285333392, 1.2672352937153034e-5, 0.13085270005574096)\n",
      "transformation_b_w: [0.9999085078483032 -2.670182476836296e-5 -0.013526833317241332 0.0008901420302282943; -1.2671193516994036e-5 0.99999576399734 -0.0029106402761253434 0.0002959829241183789; 0.013526853736946039 0.0029105453765063 0.9999042718948602 -0.13085232399807886; 0.0 0.0 0.0 1.0]\n",
      "current position: , [0.0008799634090997631, 8.489372470029792e-5, 0.13085270005574096]\n",
      "ref_position_b: [1.0, 1.0, 0.3]\n",
      "roll ref: -0.03982019537366486, pitch_ref: 0.038862872161667394\n",
      "k: 21\n",
      "ref_position_xyz_world: [1.0, 1.0, 0.3]\n",
      "state: (-0.003389441920552421, 0.014757343317277604, 1.5339143615113657e-5, 0.1335059769536589)\n",
      "transformation_b_w: [0.999891112267619 -3.4678191294312926e-5 -0.014756774906694423 0.0009678728331436265; -1.5337473371751657e-5 0.9999942564968105 -0.0033892090748350147 0.00034640255712450267; 0.014756807682751316 0.0033890663631864753 0.9998853688579508 -0.13350582416652618; 0.0 0.0 0.0 1.0]\n",
      "current position: , [0.0010023576410270432, 0.0001060930944912072, 0.1335059769536589]\n",
      "ref_position_b: [1.0, 1.0, 0.3]\n",
      "roll ref: -0.03978376257831126, pitch_ref: 0.03873596337508611\n",
      "k: 22\n",
      "ref_position_xyz_world: [1.0, 1.0, 0.3]\n",
      "state: (-0.003904709332591006, 0.01602545703686697, 1.8321941370945398e-5, 0.13617735819095547)\n",
      "transformation_b_w: [0.9998715949436179 -4.4250112617710044e-5 -0.01602472049158002 0.0010445348897491337; -1.8319588743080555e-5 0.9999923776107935 -0.003904405806906858 0.0004005894823823281; 0.016024771115320167 0.0039041980277482115 0.9998639727225207 -0.13617757961281077; 0.0 0.0 0.0 1.0]\n",
      "current position: , [0.0011378211167804323, 0.0001311240296009841, 0.13617735819095547]\n",
      "ref_position_b: [1.0, 1.0, 0.3]\n",
      "roll ref: -0.03974444568771819, pitch_ref: 0.03859985239779489\n",
      "k: 23\n",
      "ref_position_xyz_world: [1.0, 1.0, 0.3]\n",
      "state: (-0.004451050821870739, 0.017345723829867064, 2.1534439401926385e-5, 0.1388617274462374)\n",
      "transformation_b_w: [0.9998495664724252 -5.566834576248602e-5 -0.01734477805965303 0.00112134665380785; -2.1531199903571043e-5 0.9999900955202955 -0.0044506626155841455 0.0004577451478716129; 0.017344854029676116 0.004450366540590524 0.9998396622840803 -0.13886250556515128; 0.0 0.0 0.0 1.0]\n",
      "current position: , [0.0012873817793498366, 0.00016031085787887242, 0.1388617274462374]\n",
      "ref_position_b: [1.0, 1.0, 0.3]\n",
      "roll ref: -0.039701719282905966, pitch_ref: 0.03845289810313197\n",
      "k: 24\n",
      "ref_position_xyz_world: [1.0, 1.0, 0.3]\n",
      "state: (-0.005034087679122527, 0.01870524053737351, 2.5041232272079764e-5, 0.14155457282403408)\n",
      "transformation_b_w: [0.9998250617755261 -6.911701722424763e-5 -0.018704038825969 0.0011957333951246245; -2.5036851608600677e-5 0.9999873310516815 -0.0050335980462061945 0.0005185345515871372; 0.018704149772750624 0.0050331857677458425 0.9998123933130184 -0.14155615456686055; 0.0 0.0 0.0 1.0]\n",
      "current position: , [0.001452176283098282, 0.00019403308572871797, 0.14155457282403408]\n",
      "ref_position_b: [1.0, 1.0, 0.3]\n",
      "roll ref: -0.039655016398072396, pitch_ref: 0.03829396791119162\n",
      "k: 25\n",
      "ref_position_xyz_world: [1.0, 1.0, 0.3]\n",
      "state: (-0.005667674050046361, 0.020070040042645138, 2.9062413898591392e-5, 0.14425188716833942)\n",
      "transformation_b_w: [0.9997986030845707 -8.468025260217213e-5 -0.020068535058538815 0.0012618789867695208; -2.905656082625791e-5 0.9999839416617429 -0.005667060469078767 0.0005847992989505088; 0.020068692679326556 0.005666502263190366 0.9997825455198965 -0.14425461782558616; 0.0 0.0 0.0 1.0]\n",
      "current position: , [0.0016333937367378516, 0.00023273606657014457, 0.14425188716833942]\n",
      "ref_position_b: [1.0, 1.0, 0.3]\n",
      "roll ref: -0.03960366074892293, pitch_ref: 0.03812248971413479\n",
      "k: 26\n",
      "ref_position_xyz_world: [1.0, 1.0, 0.3]\n",
      "state: (-0.006363310098570088, 0.02141437852691201, 3.3816882159592014e-5, 0.14695003385168634)\n",
      "transformation_b_w: [0.999770720386509 -0.00010243879951874117 -0.021412523534914196 0.0013147996908670244; -3.3809128650808825e-5 0.9999797582465505 -0.006362543053953163 0.0006580999804979432; 0.0214127418791644 0.0063618081913038626 0.9997504798107143 -0.1469543615630158; 0.0 0.0 0.0 1.0]\n",
      "current position: , [0.0018322198278510771, 0.0002769434882409707, 0.14695003385168634]\n",
      "ref_position_b: [1.0, 1.0, 0.3]\n",
      "roll ref: -0.0395468480437621, pitch_ref: 0.0379384502957537\n",
      "k: 27\n",
      "ref_position_xyz_world: [1.0, 1.0, 0.3]\n",
      "state: (-0.007119029739114205, 0.02274065089669369, 3.9322091050459755e-5, 0.14964567762259584)\n",
      "transformation_b_w: [0.9997414417682453 -0.0001225549549661514 -0.02273839465382441 0.001353459208326232; -3.931192402039057e-5 0.9999746654070192 -0.007118075490780354 0.0007380152643935574; 0.02273869094127204 0.007117128943810939 0.9997161089078612 -0.149652133792307; 0.0 0.0 0.0 1.0]\n",
      "current position: , [0.0020498133714985864, 0.00032726283897139955, 0.14964567762259584]\n",
      "ref_position_b: [1.0, 1.0, 0.3]\n",
      "roll ref: -0.03948371597913686, pitch_ref: 0.03774207202866496\n",
      "k: 28\n",
      "ref_position_xyz_world: [1.0, 1.0, 0.3]\n",
      "state: (-0.007918730345715481, 0.024071183631662062, 4.535562996273496e-5, 0.1523357830258731)\n",
      "transformation_b_w: [0.9997103020194849 -0.0001452386052186421 -0.024068463637258238 0.0013798770868039183; -4.534249055942161e-5 0.9999686546346149 -0.0079175559547546 0.0008218723244243476; 0.024068859137254883 0.007916353578869143 0.9996789591493087 -0.152344973244078; 0.0 0.0 0.0 1.0]\n",
      "current position: , [0.0022873296278201763, 0.0003843705230509027, 0.1523357830258731]\n",
      "ref_position_b: [1.0, 1.0, 0.3]\n",
      "roll ref: -0.03941354833828293, pitch_ref: 0.0375333442516713\n",
      "k: 29\n",
      "ref_position_xyz_world: [1.0, 1.0, 0.3]\n",
      "state: (-0.008747170640297569, 0.025424839459473565, 5.167817641067429e-5, 0.1550176169774053)\n",
      "transformation_b_w: [0.9996768048448861 -0.0001706924144193501 -0.025421579793931743 0.00139572739448099; -5.166147432042287e-5 0.9999617539031593 -0.008745745366148572 0.0009069175120090172; 0.025422100350121546 0.008744232099910083 0.9996385622907769 -0.15503023748634517; 0.0 0.0 0.0 1.0]\n",
      "current position: , [0.0025459648052275656, 0.00044897579320959155, 0.1550176169774053]\n",
      "ref_position_b: [1.0, 1.0, 0.3]\n",
      "roll ref: -0.03933598826668473, pitch_ref: 0.037311809633717\n",
      "k: 30\n",
      "ref_position_xyz_world: [1.0, 1.0, 0.3]\n",
      "state: (-0.009605136931329108, 0.026795939431722076, 5.832722357495905e-5, 0.1576887207491471)\n",
      "transformation_b_w: [0.9996410085955548 -0.00019901937746307722 -0.026792057131715258 0.0013989369540302438; -5.8306284669171076e-5 0.9999538843361183 -0.009603426549204194 0.0009927460172058974; 0.026792732866187212 0.009601541146929805 0.9995948978827197 -0.15770559345670906; 0.0 0.0 0.0 1.0]\n",
      "current position: , [0.0028269869726326247, 0.0005217949241730289, 0.1576887207491471]\n",
      "ref_position_b: [1.0, 1.0, 0.3]\n",
      "roll ref: -0.0392509368933987, pitch_ref: 0.03707669884704411\n",
      "k: 31\n",
      "ref_position_xyz_world: [1.0, 1.0, 0.3]\n",
      "state: (-0.010508664385985108, 0.028153284498996033, 6.567707287409475e-5, 0.16034686525166533)\n",
      "transformation_b_w: [0.999603720305489 -0.0002301354455042804 -0.028148701375059936 0.0013832173082114869; -6.565104647811461e-5 0.9999448017657866 -0.010506622269884407 0.0010813799702887419; 0.028149565562645456 0.010504306700523226 0.9995485288365821 -0.1603689697952112; 0.0 0.0 0.0 1.0]\n",
      "current position: , [0.0031317186559117497, 0.0006035628912834306, 0.16034686525166533]\n",
      "ref_position_b: [1.0, 1.0, 0.3]\n",
      "roll ref: -0.039158177813244655, pitch_ref: 0.036827414420972274\n",
      "k: 32\n",
      "ref_position_xyz_world: [1.0, 1.0, 0.3]\n",
      "state: (-0.011475139250645047, 0.029465995665375465, 7.4173565107264e-5, 0.16299016737525404)\n",
      "transformation_b_w: [0.9995659062095339 -0.00026390137408484576 -0.02946064323089524 0.0013420336187770128; -7.414136695920249e-5 0.9999341836372407 -0.011472702244125253 0.0011751703040192866; 0.029461731900399926 0.011469906267681846 0.9995000988512405 -0.1630186410285426; 0.0 0.0 0.0 1.0]\n",
      "current position: , [0.003461447575166703, 0.0006950697384140678, 0.16299016737525404]\n",
      "ref_position_b: [1.0, 1.0, 0.3]\n",
      "roll ref: -0.039057128739157065, pitch_ref: 0.036564252904443796\n",
      "k: 33\n",
      "ref_position_xyz_world: [1.0, 1.0, 0.3]\n",
      "state: (-0.012506544533549015, 0.03072868228445987, 8.394471732591555e-5, 0.16561711812819935)\n",
      "transformation_b_w: [0.9995279076701532 -0.0003003009849445351 -0.030722493516055233 0.001272859773041083; -8.390508786581993e-5 0.9999218229230581 -0.012503639556730117 0.0012740051780014397; 0.03072384657659006 0.012500314457918138 0.9994497423032292 -0.16565323496807227; 0.0 0.0 0.0 1.0]\n",
      "current position: , [0.003817352605886018, 0.00079719418911523, 0.16561711812819935]\n",
      "ref_position_b: [1.0, 1.0, 0.3]\n",
      "roll ref: -0.038946867725423766, pitch_ref: 0.03628825558857142\n",
      "k: 34\n",
      "ref_position_xyz_world: [1.0, 1.0, 0.3]\n",
      "state: (-0.013583402018167715, 0.03195944989417304, 9.465012249903943e-5, 0.16822664672953108)\n",
      "transformation_b_w: [0.9994893357723451 -0.00033938941821912177 -0.03195234720922941 0.0011771767672527798; -9.460178834983733e-5 0.9999077836154366 -0.013579960079719414 0.001374089560764072; 0.03195400957404236 0.013576048029081685 0.9993971343725446 -0.1682718183827284; 0.0 0.0 0.0 1.0]\n",
      "current position: , [0.004200513661784904, 0.0009109029624502987, 0.16822664672953108]\n",
      "ref_position_b: [1.0, 1.0, 0.3]\n",
      "roll ref: -0.0388264761481513, pitch_ref: 0.036000368894539746\n",
      "k: 35\n",
      "ref_position_xyz_world: [1.0, 1.0, 0.3]\n",
      "state: (-0.01468005872171985, 0.033168764094243006, 0.00010572370682656384, 0.17080563581345737)\n",
      "transformation_b_w: [0.9994499613886717 -0.0003811003243694737 -0.03316066107189762 0.0010529774696812863; -0.0001056655550993688 0.999892295752522 -0.01467602567255307 0.001469878964993781; 0.03316268256599526 0.014671457231431945 0.9993422761135112 -0.17086152611004762; 0.0 0.0 0.0 1.0]\n",
      "current position: , [0.004613983577289684, 0.0010374682100900328, 0.17080563581345737]\n",
      "ref_position_b: [1.0, 1.0, 0.3]\n",
      "roll ref: -0.03869284879519906, pitch_ref: 0.03568074150186061\n",
      "k: 36\n",
      "ref_position_xyz_world: [1.0, 1.0, 0.3]\n",
      "state: (-0.015788348653105008, 0.03435888325054745, 0.00011703412531030585, 0.17335420911292335)\n",
      "transformation_b_w: [0.9994097847932276 -0.0004253212256652263 -0.0343496893932021 0.0008992413437916274; -0.00011696505052385931 0.9998754232371412 -0.015783672751446567 0.0015589573827026588; 0.03435212335113243 0.015778374700925298 0.99928523180975 -0.1734226713878888; 0.0 0.0 0.0 1.0]\n",
      "current position: , [0.0050589087450527296, 0.0011779471843855697, 0.17335420911292335]\n",
      "ref_position_b: [1.0, 1.0, 0.3]\n",
      "roll ref: -0.03854809236966921, pitch_ref: 0.035348391972567436\n",
      "k: 37\n",
      "ref_position_xyz_world: [1.0, 1.0, 0.3]\n",
      "state: (-0.016922771676903064, 0.03550775324481575, 0.00012901890534251957, 0.17587249691138615)\n",
      "transformation_b_w: [0.9993696576433598 -0.00047173423165330317 -0.035497392138133854 0.0007106683772731945; -0.00012893757997710123 0.999856882500969 -0.016917384270147988 0.0016428416612214837; 0.03550029234941919 0.016911297474116748 0.9992265695330803 -0.17595556684986585; 0.0 0.0 0.0 1.0]\n",
      "current position: , [0.005536465474812617, 0.0013333656379942035, 0.17587249691138615]\n",
      "ref_position_b: [1.0, 1.0, 0.3]\n",
      "roll ref: -0.038392480838393896, pitch_ref: 0.03500297408340862\n",
      "k: 38\n",
      "ref_position_xyz_world: [1.0, 1.0, 0.3]\n",
      "state: (-0.018105523336921107, 0.036587004643608194, 0.00014234766526400705, 0.17836063406237068)\n",
      "transformation_b_w: [0.9993307600790331 -0.0005199185642166182 -0.036575424051520575 0.0004806418795380107; -0.00014225240148456935 0.999836183628736 -0.018099327915111256 0.0017245539977932258; 0.036578842574857925 0.01809241806423444 0.9991669793805602 -0.1784605023917442; 0.0 0.0 0.0 1.0]\n",
      "current position: , [0.006047803729960808, 0.0015047604242453992, 0.17836063406237068]\n",
      "ref_position_b: [1.0, 1.0, 0.3]\n",
      "roll ref: -0.03822586172051823, pitch_ref: 0.03464470529931966\n",
      "k: 39\n",
      "ref_position_xyz_world: [1.0, 1.0, 0.3]\n",
      "state: (-0.019345022849357435, 0.03758612428159514, 0.00015733376512582655, 0.18081876006746306)\n",
      "transformation_b_w: [0.9992937124156375 -0.0005695835723013853 -0.03757328706843993 0.00020560269703276716; -0.00015722264353820907 0.9998129928701104 -0.019337904983556788 0.001804767731743254; 0.0375772751488661 0.01933015423287864 0.9991067478151269 -0.18093775751862112; 0.0 0.0 0.0 1.0]\n",
      "current position: , [0.006593974167049257, 0.0016932416399951702, 0.18081876006746306]\n",
      "ref_position_b: [1.0, 1.0, 0.3]\n",
      "roll ref: -0.038047458176902485, pitch_ref: 0.03427453666243355\n",
      "k: 40\n",
      "ref_position_xyz_world: [1.0, 1.0, 0.3]\n",
      "state: (-0.020623209099243315, 0.03851589816013658, 0.00017360720023871525, 0.1832470188425454)\n",
      "transformation_b_w: [0.9992583394270517 -0.0006204984585177041 -0.038501767065347 -0.00011407671305399409; -0.0001734784443659671 0.9997874719499086 -0.020615063357653757 0.0018792728832395234; 0.038506375974903195 0.02060645320460839 0.9990458613575284 -0.18338764690849205; 0.0 0.0 0.0 1.0]\n",
      "current position: , [0.007175911801201142, 0.001900024694860426, 0.1832470188425454]\n",
      "ref_position_b: [1.0, 1.0, 0.3]\n",
      "roll ref: -0.037856168463553025, pitch_ref: 0.03389358718643311\n",
      "k: 41\n",
      "ref_position_xyz_world: [1.0, 1.0, 0.3]\n",
      "state: (-0.021907566749138824, 0.03939338140472104, 0.00019042222308104605, 0.18564555857081055)\n",
      "transformation_b_w: [0.9992241629710954 -0.0006723443836544058 -0.0393779137048122 -0.0004766633748313316; -0.00019027448876907728 0.9997601850123468 -0.021898316366719964 0.0019409282771888125; 0.03938319350094392 0.02188881945441097 0.9989844061108059 -0.1858105335610244; 0.0 0.0 0.0 1.0]\n",
      "current position: , [0.007794475068617954, 0.0021263899264040895, 0.18564555857081055]\n",
      "ref_position_b: [1.0, 1.0, 0.3]\n",
      "roll ref: -0.0376512920875072, pitch_ref: 0.03350258832308717\n",
      "k: 42\n",
      "ref_position_xyz_world: [1.0, 1.0, 0.3]\n",
      "state: (-0.02317998787803429, 0.04022513266404766, 0.0002073792109448685, 0.18801453174958596)\n",
      "transformation_b_w: [0.999191056947954 -0.0007247596628197166 -0.0402082881836792 -0.0008821953922728375; -0.00020721145594349062 0.999731527907487 -0.023169574255352578 0.0019850084143270058; 0.04021428575323915 0.02315916300717538 0.9989226518555697 -0.18820677573690886; 0.0 0.0 0.0 1.0]\n",
      "current position: , [0.008450494123103154, 0.002373596523746573, 0.18801453174958596]\n",
      "ref_position_b: [1.0, 1.0, 0.3]\n",
      "roll ref: -0.037432990165625304, pitch_ref: 0.03310178969022387\n",
      "k: 43\n",
      "ref_position_xyz_world: [1.0, 1.0, 0.3]\n",
      "state: (-0.02444998271208525, 0.041000152837327816, 0.0002248131136140922, 0.1903540946567598)\n",
